0000110000
0101000000
0101010000
0001100000
0110000000
0011010000
0011010000
0010100000
0001110000
0010100000
0001110000
0011000000
0001100000
0011110000
0011110000
0010010000
0011110000
0010010000
0010010000
0001100000
0101100000
0010110000
0011000000
0011000000
0011010000
0101100000
0001100000
0011000000
0011110000
0101010000
0001010000
0000110000
0000000000
0010110000
0000000000
0100110000
0110000000
0010110000
0010110000
0000110000
0011000000
0011000000
0011100000
0010110000
0000000000
0011000000
0101110000
0001010000
0101000000
0101110000
0000110000
0110000000
0000000000
0001000000
0010010000
0010110000
0010110000
0000100000
0000110000
0011010000
0011110000
0100100000
0010010000
0101110000
0011100000
0110000000
0010110000
0011000000
0011100000
0010110000
0001100000
0011010000
0011010000
0010010000
0101000000
0010100000
0011000000
0001000000
0010010000
0011010000
0011000000
0001110000
0000110000
0001000000
0011100000
0010110000
0011000000
0101100000
0011010000
0101110000
0100100000
0010000000
0011000000
0000000000
0100100000
0001010000
0010110000
0011010000
0011100000
0011000000
0011000000
0110000000
0001010000
0101100000
0101110000
0010110000
0010010000
0011000000
0101000000
0000010000
0011110000
0101010000
0010100000
0000110000
0011010000
0010100000
0001100000
0011110000
0001000000
0011110000
0011010000
0001000000
0010000000
0101000000
0110000000
0100110000
0001010000
0100010000
0101100000
0000000000
0101100000
0011100000
0101110000
0010100000
0000010000
0100100000
0101100000
0101110000
0010010000
0000000000
0011000000
0011000000
0000110000
0011110000
0001010000
0011100000
0000010000
0100100000
0011110000
0001100000
0011110000
0101100000
0001100000
0100010000
0011010000
0001110000
0011000000
0100110000
0101100000
0101000000
0100110000
0011010000
0000000000
0011110000
0001110000
0110000000
0000010000
0011100000
0011100000
0001100000
0010100000
0001100000
0100110000
0101110000
0100010000
0101000000
0101010000
0001110000
0010110000
0001000000
0011100000
0001010000
0000010000
0000100000
0011100000
0000000000
0011010000
0010000000
0100100000
0101000000
0110000000
0110000000
0010100000
0100100000
0000100000
0101010000
0101010000
0010100000
0011010000
0001000000
0101100100
0101101100
0010001000
0100110100
1010101000
0010010000
0001100000
1010110100
1010011000
0101101100
0101110100
0101101100
0011011100
0010011000
0101110100
1010010100
1011001100
1000111100
0011011100
1001111000
0011000000
1011000100
0001111100
0100000000
0111101100
0100101000
1010010100
0101001000
1010110000
0010101100
0001001000
1010010100
1000001100
1000111100
0011010100
0101111000
0010011000
0001110100
0110111000
0000000100
0111100000
0110001100
0100011100
0101111000
1000001100
0011000000
0010101100
0101001100
0100101100
1001001100
0000011000
0000110100
0101010000
1001011000
0011100100
0110101000
0011100100
0110000100
0001000000
1001101100
0111011100
0011101100
0011011000
0101111100
0011110100
0100011000
0010110000
0101111000
1010001000
0101111100
0000111000
0101000100
0010100100
0010111000
0110000100
0010101100
0001111000
0110010100
0000001000
0100110000
0110111100
0110011000
0101001100
1001110000
1001010100
0011111100
0010101000
1010000000
0110000000
1010001100
1001011000
0100111000
0101110000
0011011100
0010100000
0011011000
0100000100
0011110100
0111111100
0101101000
1010001000
0110111100
0010101100
0011111000
0111111000
0011111100
0010111100
0011100000
1000010100
0101011100
0111001100
0011101100
0011110000
0011111100
1010101100
0010111100
0001001100
0111001000
0111101000
0111100000
0010010100
1010101100
0011001100
1011000100
0101010100
0010101000
1000011000
0110110000
0111010000
1000111000
0001110000
0000100100
0100100000
0001111000
0010111100
0101010100
0010110000
0100111000
0011010000
0110001000
0011000000
1001000100
1001101000
0100111100
0011010100
1000011100
0010110000
0100001100
0000000000
0010101100
0001011000
0101000000
0110111000
0101110000
1000110000
0110101100
0110010100
0100010000
0011000000
0010100000
0001100000
0011010100
0110001000
0101001000
0010011100
1000010100
0010110100
0011010100
0101100000
0001011000
0101100000
1100000000
0001001000
1001111000
1000111000
0110110000
1010001000
0100110000
0010010100
0011001000
0001101000
0001000000
0101000100
0000011000
1010011100
0011000100
1000011000
0010101000
1000100000
1010111100
0011000100
0010110100
0011011000
0100010000
0100111000
0010011000
0010010100
1011001100
0100111000
0101001000
0011110010
0011010100
0011011110
0001101010
0011010000
0001111010
0001111000
0010101000
0000001000
0010111000
0000100010
0010010110
0010011000
0011000010
0001100010
0001000110
0000101100
0010001010
0011001010
0001011000
0001111000
0001010100
0001001000
0010011010
0000100100
0001100010
0011111010
0000101100
0000011110
0000110000
0011111000
0000101110
0010110110
0010010000
0001111100
0001111000
0000111110
0001110110
0010110100
0010101000
0001111010
0010011110
0000010010
0011010000
0000000110
0010100010
0000110010
0001011100
0011001010
0011110010
0010100000
0010101000
0001111100
0000011100
0010111100
0000100010
0011111110
0010011100
0010011000
0011010010
0000101100
0001010100
0000110110
0010000100
0010001100
0011110110
0000100010
0010111010
0001010000
0011110110
0010110100
0011010000
0010010010
0000011100
0000001110
0010001100
0011110100
0010100100
0011011100
0011000010
0000010100
0011101100
0000110110
0000001100
0010111100
0011111110
0001111100
0010001100
0010010010
0000100110
0011011000
0010100100
0001010010
0011111000
0001000110
0001101110
0011000010
0011011100
0011100000
0010111110
0010110010
0010010010
0010100100
0001001100
0000101010
0000001000
0010000110
0010010010
0011011010
0011100010
0011101110
0001100110
0010001110
0000001000
0011100110
0011110100
0001001100
0001001100
0010111100
0000011100
0000000000
0011101010
0010001100
0010100000
0010101000
0011111010
0000101100
0010010100
0010110110
0000001110
0001010000
0010110110
0000110000
0001110000
0011110000
0011011010
0000011100
0001011110
0000110010
0010011000
0011010010
0000110010
0001001000
0010100100
0000000010
0000011100
0011111100
0000101010
0010101110
0011011000
0001010100
0000101010
0010000110
0000100100
0011110000
0000100000
0001110100
0001000000
0011000000
0000110110
0010111100
0010111010
0001100010
0001000110
0000110000
0011011010
0001011010
0011000000
0011110100
0000110110
0011011100
0001011110
0010001000
0001101000
0001010100
0011000110
0011100100
0000000000
0001111110
0011101110
0000110110
0001110100
0000000000
0010110110
0001111000
0001100010
0011010110
0010011000
0000011000
0000011110
0001010010
0011011000
0001111110
0010011110
0010010100
0011010110
0011111110
0010110100
0001011100
0001111000
0001101000
0000000000
0010011000
0011111000
0011110000
0011110000
0010010000
0000010000
0001001000
0001111000
0010110000
0001011000
0000001000
0000000000
0000000000
0001110000
0011101000
0011111000
0000010000
0011111000
0011110000
0001101000
0000000000
0010100000
0000011000
0001001000
0010001000
0010110000
0000110000
0011111000
0001110000
0011010000
0010010000
0010011000
0011010000
0000011000
0011000000
0000000000
0011101000
0000001000
0010010000
0000010000
0010110000
0000011000
0000101000
0000101000
0010101000
0010010000
0001000000
0000000000
0011100000
0000011000
0000101000
0011000000
0001110000
0010110000
0000000000
0000010000
0010101000
0011101000
0011000000
0011000000
0010110000
0001111000
0001110000
0011101000
0010001000
0011100000
0010110000
0011110000
0000011000
0011010000
0010011000
0010010000
0010010000
0010001000
0001000000
0010100000
0001101000
0011101000
0011010000
0000111000
0001010000
0001110000
0011111000
0000000000
0011110000
0000011000
0000111000
0000110000
0011011000
0000010000
0001010000
0011101000
0001101000
0011011000
0011010000
0010111000
0010100000
0011101000
0000111000
0000000000
0001011000
0010110000
0001111000
0011000000
0011111000
0000101000
0011010000
0010101000
0011111000
0001000000
0001010000
0011100000
0000000000
0001100000
0011000000
0001110000
0001110000
0011111000
0011111000
0000101000
0001101000
0000100000
0011110000
0000000000
0011001000
0011111000
0011111000
0011000000
0001001000
0000000000
0010010000
0000000000
0001100000
0000101000
0011001000
0001010000
0001100000
0010010000
0000011000
0000100000
0001100000
0001111000
0000101000
0001100000
0010001000
0010010000
0000110000
0000000000
0010110000
0011000000
0001010000
0011101000
0011110000
0011000000
0011110000
0000101000
0001110000
0011101000
0011110000
0001101000
0000111000
0000011000
0011010000
0001010000
0011010000
0001110000
0000000000
0001111000
0000101000
0010011000
0001010000
0000000000
0010100000
0001011000
0000011000
0010010000
0000010000
0000100000
0011111000
0001000000
0001000000
0001110000
0001100000
0010100000
0010011000
0000011000
0010001000
0001111000
0000100000
0011000000
0010010000
0011100000
0000101000
0011100000
0000010000
0000000000
0000100000
0010110000
0011111110
0010100100
0010010001
0011111010
0101000110
0011000101
0001010111
0001100010
0010100101
0000001000
0000001010
0011100110
0100010101
0001100010
0000000101
0011011110
0011010000
0011111010
0011010011
0000100111
0101111111
0010000111
0100011110
0010100111
0001010011
0001100100
0001110010
0000010001
0100000011
0101101011
0010000111
0011000011
0011100101
0001111110
0010101001
0100100011
0011100110
0010000010
0001110100
0010001101
0011111111
0010010111
0011011110
0000101110
0100111110
0101011001
0001111010
0011010011
0010100011
0011101111
0011101001
0010001010
0010111011
0101011101
0000010110
0011111010
0101010010
0011000100
0001101000
0011001100
0010101100
0010101101
0011001000
0001101000
0101101010
0101101010
0100001110
0100011100
0100000001
0001110100
0100100011
0011101110
0101111110
0100000011
0000111001
0000111000
0010111011
0011010111
0011001100
0101111010
0101110111
0011101111
0011000001
0001000000
0010100000
0011101000
0011111110
0010000011
0010111101
0100011000
0101110100
0011100111
0011100010
0101110111
0101111100
0101100100
0001010110
0101101010
0100101000
0001010100
0101011000
0011000111
0010010010
0010001001
0001011101
0100010000
0010001000
0010111011
0001000000
0101111100
0011011010
0011000000
0011111101
0011101001
0011010011
0100100111
0011001001
0000110101
0011000100
0101110000
0100100110
0100100011
0101001000
0010000111
0011100000
0000001011
0011010010
0000001100
0010101011
0100111111
0000100110
0011000100
0011110110
0000001110
0101101100
0011100101
0101000111
0011111101
0001100110
0010110101
0000101001
0000110101
0010100011
0101101011
0011011100
0010110100
0010111100
0001101011
0101100000
0010111000
0000111101
0011111011
0000000010
0101011001
0010111111
0010010011
0101000100
0010010100
0010001101
0100111001
0010001000
0101111011
0010011000
0010100110
0101001001
0001001011
0101011110
0011100111
0011110101
0011111110
0010011011
0010100101
0100010011
0011010000
0010110110
0001111001
0011100001
0001110011
0011010100
0011110010
0000111000
0001110111
0101100110
0011100100
0011010101
0011110000
0010000001
0001101110
0100110110
0010010010
0100111110
0101110101
0011010101
0010000000
0001011101
0010000110
0011010101
0011001100
0101110100
0011101011
