011110000
011100011
010100111
000101010
010011001
110010011
010001111
010111011
111110111
100110110
010001001
010001110
010000000
011101110
110001010
100100110
011001011
011110001
110001111
000010100
111100101
000111001
101100100
100001101
100000111
111111111
110010111
011011000
010101011
001110101
000010001
111001001
111110110
110010000
000010001
010001001
011111011
110100010
000100110
011101010
001001101
000101000
001110000
001010110
011011001
100001001
001001101
110101110
101010000
101010011
011100010
000110011
010001110
010010000
111111000
111011011
110001111
110110100
011110100
010011000
111000001
001100110
110010100
111111010
000011011
011010110
111011011
011110001
101100000
100100001
001110000
011111111
110100100
110101010
000010111
111101011
010101101
100011100
001101100
011111010
111000001
000100000
001110101
110011001
101010001
000101011
000101100
001101111
101110000
010001100
010011110
010011111
100111001
111001111
001111111
111101100
000001000
000110100
110011010
100010010
101010101
111111111
101000010
101000000
100010111
000001100
111101010
010111001
111111101
101101011
000111000
100000100
110010101
000010010
101000101
000101111
110110100
010010100
101010010
100001000
010100010
101111001
000100110
011110011
010101011
001111010
101010000
001010100
100001001
101010101
010010010
000001011
110010100
111000110
011010001
001000011
101111001
110110010
011110100
011010111
000010000
101010011
111101001
001101010
010000101
011001001
001010001
110111010
111100011
100110101
101100001
010101001
111011111
110111010
011010001
011010101
101000010
011100100
011101111
110000100
101011001
001111111
010010011
110010001
011100100
111100110
011001100
001100000
000110010
010011111
010111110
001000001
000001100
000110101
000010001
000111011
010100001
100011000
101110100
000000101
001000001
111101000
000111011
011110011
101111111
000100101
001010111
111101101
110101111
000001111
000000011
001000000
010101010
010101001
111100001
110001111
110001111
010010001
011101001
000110100
