1011110
0110001
0100000
0000111
0000111
0110000
1010110
1010101
0100111
1010000
1111110
0011010
1011101
0000111
0100011
1110010
0110001
0101011
1011011
1000111
1101001
1010011
0111100
1010111
1001111
1001010
0111100
0011110
1101001
1110100
1101001
1010000
0100000
1111101
0001010
1110110
0001001
0010111
1010000
1111110
1100000
0000111
0110110
0011111
1110101
1111100
1110111
0001000
1101011
1110001
0000110
0111111
1001111
0100100
1000110
1101011
0001100
0100100
0011100
0010000
1011000
0001101
0100000
1100101
1010110
0011101
0001100
1011000
0001010
0110111
1110011
0011101
1101001
0111001
0011011
1000100
0010110
0001100
0100110
1011110
1011000
0110100
0100000
0000111
0011011
0000000
1111100
1101001
0011001
0101101
0001101
0011001
1101111
0101110
1100000
0011000
1111000
0011100
1110011
1000100
0001111
0010011
1001001
0000000
0111000
0011110
0101111
0101111
1011110
0101011
0110010
1001001
0110110
1000101
1111111
0111100
1011101
0010101
0010010
0011010
1010001
0000000
1001011
0111000
1110011
0011111
0000010
1100110
0110000
1001010
0110101
0001000
0001101
0010001
0000111
0001100
1010011
0101001
1111100
1101011
0001010
0111101
0000111
0111010
1001111
1100101
0000100
1100110
1011000
1000101
0001101
1011101
1011110
0010101
1010100
0010110
0111110
0011010
1011111
1000111
0011011
0101110
0111101
0110000
1000111
0000111
0110111
1110101
0001101
0010111
1011110
1111010
0110010
0001011
1000111
0010110
0100000
1011001
0101101
0101111
0000010
1101101
1110011
0000000
0000001
1100111
0011010
0100111
1001110
0000001
1110101
1100000
1100100
0101011
0001000
1011100
1000011
1100110
1110001
1001010
