111111110
110100100
010010001
011111010
101000110
111000101
001010111
001100010
110100101
000001000
000001010
111100110
100010101
001100010
000000101
011011110
011010000
111111010
111010011
000100111
101111111
010000111
100011110
110100111
001010011
001100100
001110010
000010001
100000011
101101011
010000111
011000011
111100101
001111110
110101001
100100011
111100110
010000010
001110100
010001101
111111111
010010111
111011110
000101110
100111110
101011001
001111010
111010011
110100011
111101111
111101001
010001010
110111011
101011101
000010110
011111010
101010010
111000100
001101000
111001100
010101100
010101101
011001000
001101000
101101010
101101010
100001110
100011100
100000001
001110100
100100011
011101110
101111110
100000011
000111001
000111000
010111011
011010111
011001100
101111010
101110111
111101111
111000001
001000000
010100000
011101000
111111110
110000011
110111101
100011000
101110100
111100111
011100010
101110111
101111100
101100100
001010110
101101010
100101000
001010100
101011000
111000111
110010010
110001001
001011101
100010000
110001000
010111011
001000000
101111100
111011010
011000000
111111101
011101001
111010011
100100111
111001001
000110101
011000100
101110000
100100110
100100011
101001000
010000111
111100000
000001011
011010010
000001100
010101011
100111111
000100110
011000100
011110110
000001110
101101100
111100101
101000111
111111101
001100110
010110101
000101001
000110101
010100011
101101011
111011100
010110100
010111100
001101011
101100000
110111000
000111101
011111011
000000010
101011001
010111111
110010011
101000100
110010100
010001101
100111001
010001000
101111011
110011000
110100110
101001001
001001011
101011110
011100111
011110101
111111110
010011011
110100101
100010011
111010000
110110110
001111001
111100001
001110011
011010100
011110010
000111000
001110111
101100110
011100100
011010101
111110000
110000001
001101110
100110110
010010010
100111110
101110101
111010101
010000000
001011101
010000110
111010101
011001100
101110100
011101011
