110111001
100101010
110101111
011110101
100101000
000111101
011111100
101010100
011000100
110011100
011010001
111001011
101001100
110100001
010110001
001100011
010010110
110000101
110100101
001101100
010111100
000101010
010100100
100001101
001010010
001110001
111111101
000010110
001001111
010011000
101111100
000010111
110011011
101001000
001111110
011111100
001011111
010111011
101011010
100010100
000111101
101001111
011001001
101101000
010000011
100010001
010011001
011101110
100100101
100111001
101010000
101010100
000111110
001001110
111011110
010010001
110111111
111001110
111001100
110101001
010010110
001101010
010011011
110000010
111000110
110111011
001010001
100011101
011101000
101111011
110011010
110101000
110001001
011001110
011000111
100000110
111111010
101010010
101101110
100100001
000001010
100110110
011011011
011000110
100011110
111111111
011111110
111000110
110001001
010010011
100101100
110010010
011101001
100111100
000100011
011110111
111100001
100101110
101110000
110011111
110011001
101001001
101010010
001100110
010010101
001000100
101000011
100001001
110101101
110110001
111110111
011110011
110000111
010000100
110110011
101111010
001100110
010100110
100011110
000001110
001000000
110110101
111000110
111010000
101010100
110111101
001010110
111001010
101011011
000000111
010101000
100011011
000011000
010111000
111111000
100101101
010001110
000101111
001011001
110001100
100101001
010011001
011100100
110010010
010000001
010001110
110111110
001010101
101010111
101101100
001101010
001010101
100000011
011010010
110111000
010010000
000111010
011100000
111100000
011011011
110011110
100011101
001110001
000100011
000011000
111101101
011101101
110100000
100111010
011011011
110101110
000101111
111000100
001110100
011101010
111100011
100110010
001000000
011111111
100110111
011011011
000111010
000000000
101011011
001111100
011110001
110101011
111001100
001001100
001001111
011101001
101101100
011111111
111001111
110001010
101101011
110111111
111011010
000101110
010111100
