1011001
0011011
0100010
0001101
1101010
1100100
0011000
1101101
1100110
0011011
0011101
1011011
0110111
1100110
1011101
1100101
1110011
1001111
0110111
1011110
0110000
1110001
0011111
0000000
0111011
0001010
1100101
0010010
1101100
1101011
0010010
1100101
1000011
1001111
0110101
0011110
0100110
0011101
0101110
0000001
0111000
0100011
1000111
1011110
1000011
1110000
1101011
1010011
0001011
1010011
0000110
0001101
1010100
1010110
0111001
0101010
1111001
0100001
0010000
1011011
0110111
0111011
1110110
1011111
1111101
1000110
1101100
0011110
1100010
0011111
0001110
0010001
1101001
0101110
0100001
1101011
0011110
0100101
0000010
0001100
0101111
0100110
0010011
1011100
1010101
1111111
0101010
1100000
0100000
1100011
1010110
1001110
0011100
0110111
1101000
0110110
1000001
1111101
0111111
0011010
1100010
0101111
0101011
1111110
0111110
0111111
1101111
0111000
1000101
1010111
0110011
0111011
1111100
0111111
1101011
0101111
0010011
0110010
0111010
0111000
0100101
1101011
0110011
1110001
1010101
0101010
1000110
0101100
0110100
1001110
0011100
0001001
1001000
0011110
0101111
1010101
0101100
0001110
1110100
0100010
1110000
1010001
1011010
0001111
1110101
1000111
0101100
1000011
0000000
0101011
0010110
1010000
0101110
0011100
1001100
0101011
0100101
1000100
0110000
1101000
0011000
1110101
0100010
0010010
0100111
1000101
0101101
1110101
0011000
0010110
1011000
0000000
0010010
1011110
1001110
0101100
1100010
0001100
1100101
0110010
0011010
0010000
0010001
0000110
1100111
0110001
1000110
0101010
1001000
1101111
0110001
0101101
1110110
1000100
0001110
1100110
1100101
1110011
1001110
0010010
