11100
10100
00100
11111
11100
00010
00111
11101
00110
10011
00000
01111
01101
00101
11101
01010
11110
11111
01111
11010
01011
00101
00010
11111
00110
11110
00000
01010
00011
00000
11110
00000
10110
10001
00100
10100
01110
10010
10101
01000
11101
11000
11001
10111
00111
00101
11101
11110
01100
11000
11110
11000
00011
10010
11101
01111
10111
10100
01011
01101
11001
11110
00011
00010
11001
00000
11010
01100
10110
01101
11000
11110
00010
11100
10010
00000
01110
01011
00111
00010
11000
00001
00011
00111
11110
00001
10011
00010
11011
10010
00100
10110
10110
00001
11000
10110
10111
10101
10011
00010
11111
11000
00000
10011
01100
10011
11001
00010
00010
11010
11100
00110
10100
00000
00110
10101
00001
01000
10111
01010
01110
10010
01011
10110
01011
10001
10001
11011
00100
00111
01011
01111
10111
11101
10011
00000
10001
01100
00101
11111
10001
10100
01011
01110
11000
11010
00010
00101
10101
00100
01011
10010
11111
01100
10001
00000
00001
01000
10001
01001
11101
00100
00111
10001
10011
10111
10110
10010
00111
11011
01101
11010
10010
01110
10100
10001
01011
01000
01001
10101
11110
11110
11001
00000
01110
11101
01101
01101
01111
00110
01100
10110
11101
01111
11000
00010
01101
01011
01000
11001
