01101
00000
10011
11111
11110
11110
10010
00010
01001
01111
10110
01011
00001
00000
00000
01110
11101
11111
00010
11111
11110
01101
00000
10100
00011
01001
10001
10110
00110
11111
01110
11010
10010
10011
11010
00011
11000
00000
11101
00001
10010
00010
10110
00011
00101
00101
10101
10010
01000
00000
11100
00011
00101
11000
01110
10110
00000
00010
10101
11101
11000
11000
10110
01111
01110
11101
10001
11100
10110
11110
00011
11010
10011
10010
10010
10001
01000
10100
01101
11101
11010
00111
01010
01110
11111
00000
11110
00011
00111
00110
11011
00010
01010
11101
01101
11011
11010
10111
10100
11101
00111
00000
01011
10110
01111
11000
11111
00101
11010
10101
11111
01000
01010
11100
00000
01100
11000
01110
01110
11111
11111
00101
01101
00100
11110
00000
11001
11111
11111
11000
01001
00000
10010
00000
01100
00101
11001
01010
01100
10010
00011
00100
01100
01111
00101
01100
10001
10010
00110
00000
10110
11000
01010
11101
11110
11000
11110
00101
01110
11101
11110
01101
00111
00011
11010
01010
11010
01110
00000
01111
00101
10011
01010
00000
10100
01011
00011
10010
00010
00100
11111
01000
01000
01110
01100
10100
10011
00011
10001
01111
00100
11000
10010
11100
00101
11100
00010
00000
00100
10110
