001110011
100010100
101010101
001000110
100001000
010001101
110011101
010011010
010110111
001011010
000010111
100101100
011000110
111101111
110111111
101111001
101011111
110011001
101101001
010010110
111010110
011111011
110101100
001011100
110111101
111000110
011100110
101101100
110011111
101000101
010010101
010110011
000000000
100011011
011010000
101000011
101011000
100111011
100111011
001100011
111011100
011011100
100001110
000111011
001010000
001011100
111100111
011110101
111100100
111010111
000010011
100011000
100100000
000110100
110001001
111111011
000101011
010100010
001110011
100101101
010101111
101100010
001001001
101010111
101001110
110111000
100101011
110111100
010001110
010011011
000000110
011001101
000101101
110111001
100010100
100001010
001101100
000000100
010111001
100111101
011101100
010110111
011100011
000110100
100001110
111111011
101001100
100000110
111011101
110010111
110000010
001001000
101101100
010010000
100010010
011100101
100001011
110101101
101001110
110101100
100101100
101101000
001110101
101110110
111010111
101011011
001011001
010101100
100010100
011110001
100001111
101000101
110011010
001100011
101111101
000111010
000010110
000011111
000110100
001001111
110011101
011100100
011011000
100010100
100101000
101100011
010100101
111100001
100110110
101110000
101000110
100001110
101100111
000101010
001100001
110100010
100100110
111100111
010011001
000000000
100101100
100011100
010100011
011111111
000010101
011101110
001100001
101100010
101111111
010100110
011001111
111000110
001110110
100000001
011111101
001100111
010001100
101000011
110010110
111000100
100010011
100001101
000000000
011001111
000010111
101101000
011010001
010111110
000001110
011010110
100001010
000010110
111010011
101000111
111100001
111110100
111010101
000000111
010001011
010100100
101101110
000110101
011010001
011000010
011011110
000100000
011011101
010001000
100010010
110110100
101011000
110011000
111111010
111110010
010110010
111000101
101010101
100001010
110001101
000000100
