011000110
011111111
011001101
100000101
100111110
011101000
110100110
010011111
111001110
001011000
001011101
100010111
010110010
010110100
101111110
000111101
100010111
011100001
111111111
100100100
000111000
101010000
101010001
111101000
111100110
011111010
000101001
000111100
011011000
011111001
101100111
011101011
011101111
010100001
111110101
110111001
000100011
110000101
110001101
110110101
001110000
010011110
100101100
000010000
011001101
110111001
001101111
101100101
011100001
000100011
101011100
011001010
111001110
001001101
110100001
100110101
101111010
111100110
110010000
000000100
101101100
100010000
000110010
010000010
110010000
111010111
111110110
111101000
110100101
100101001
001000010
111001101
010000100
011010100
111001110
100111100
111011101
010110010
100010100
101000110
111111011
001100111
001010000
100101101
001011110
101011000
111111111
110111100
001101001
111100110
110000010
000100101
110101101
000110001
110101001
010111100
011001111
011100010
101010110
101111011
111001011
101111110
010101000
001110000
001100010
100100010
001001110
001010001
101101011
011100100
111110100
101000000
100000100
110011111
001100010
110010111
010101111
010101100
110010011
010001101
011010100
011000001
101111101
010010110
000111001
000001010
000001001
100111111
010101010
110110111
000010110
110000110
101011000
100111110
000001000
011000011
111111101
100101001
011010010
110000111
110101010
100101111
011001101
011000110
000101010
001000011
000000010
111101101
011111100
001110001
101010101
001001011
010100111
110000010
011101011
100111101
000001101
110110010
001111100
001011011
100001100
111101010
001001101
101110101
001010000
010001110
110011111
101011001
010111111
010011000
011110010
000111110
111011111
000000010
011001001
101101001
101110111
000011011
011011000
100111110
011001111
101101000
011010101
111001101
100001001
011101111
011100010
110110011
110101101
001100110
001111001
100000101
001011000
000101011
011010010
001101100
110101100
110110010
000010110
000001000
