100011011
101101000
000111011
000011101
110000011
011111100
111011100
100110010
000101010
001110111
101000010
000100000
011010110
010110011
011100001
101010111
001010001
100111111
101010001
000010011
010011111
111101101
110001010
000111001
111010001
010000100
000011010
001011101
101110000
011101110
001010100
001000100
111111111
000110111
010100010
111010101
001101000
100111100
000110011
101001001
111011000
000100111
010110001
100111100
111101111
100010010
001111110
110101101
011010110
000100010
010111011
110101010
111000001
001101110
100111110
110010011
111000011
011111000
101100111
000101010
000010000
100111110
011001101
101100010
010011001
011001000
001001111
001011010
111000010
110100010
011011111
001001101
101011100
011111111
111001010
100111000
111011100
111001011
101010100
011111000
001111101
111101100
100001000
111000100
101001000
001011000
010100100
001111110
000110101
000011100
100101110
110111100
110011001
011100001
110000010
101011111
101011111
010101111
000100001
001000001
110110001
000110100
100010001
111001001
111101101
111001001
111110010
011010010
110011000
010001010
011100100
010100011
011110100
100010000
101101111
110100000
010100010
011100011
010110011
000011111
110100011
001000101
111111010
011011100
010011001
110110101
000000010
100000110
100010101
111000110
010001001
111111110
001101110
011100011
101111111
001110010
101001100
110010110
011010111
010101111
011001111
011101000
010011110
100100001
000110001
010010010
010001000
111011010
110111101
010111100
100011101
111001111
100101010
101111001
110001101
100110101
011001010
110000101
110111000
000100011
001001011
001100011
001001000
100111000
111000110
000101100
110111101
101011000
010100000
100001010
100101100
001001101
011010011
001000000
010000010
111010110
111110100
101110011
100001011
111111000
001110110
001010100
101010000
110010010
111111110
000011101
110110000
111100001
000100100
110100010
101010101
110010011
000000001
100110010
100011111
101011100
101000111
001101001
100100001
010011101
