0.0015577971935272217
0.014267697930335999
-0.017134442925453186
0.01503760926425457
-0.005904640071094036
0.015942431055009365
-0.02715279720723629
0.010557502508163452
0.08710972312837839
-0.2381760198622942
0.34833622723817825
-0.2646811231970787
-0.06277224887162447
0.5185456229373813
-0.820382353849709
0.72830421756953
-0.19246665760874748
-0.533166523091495
1.0620097080245614
-1.0689817303791642
0.5306337177753448
0.2931436812505126
-0.9680880215018988
1.159825136885047
-0.7634688355028629
0.0019516944885253906
0.7712877495214343
-1.1478748908266425
0.9576027719303966
-0.2747859340161085
-0.5364927612245083
1.0870057260617614
-1.0802923189476132
0.540139565244317
0.2803152287378907
-0.949286887422204
1.1487153377383947
-0.7634688355028629
0.0019516944885253906
0.7712877495214343
-1.1478748908266425
0.9576027719303966
-0.2747859340161085
-0.5364927612245083
1.0870057260617614
-1.0802923189476132
0.540139565244317
0.2803152287378907
-0.949286887422204
1.1487153377383947
-0.7634688355028629
0.0019516944885253906
0.7712877495214343
-1.1478748908266425
0.9576027719303966
-0.2747859340161085
-0.5364927612245083
1.0870057260617614
-1.0802923189476132
0.540139565244317
0.2803152287378907
-0.949286887422204
1.1487153377383947
-0.7634688355028629
0.0019516944885253906
0.7712877495214343
-1.1478748908266425
0.9576027719303966
-0.2747859340161085
-0.5364927612245083
1.0870057260617614
-1.0802923189476132
0.540139565244317
0.2803152287378907
-0.949286887422204
1.1487153377383947
-0.7634688355028629
0.0019516944885253906
0.7712877495214343
-1.1478748908266425
0.9576027719303966
-0.2747859340161085
-0.5364927612245083
1.0870057260617614
-1.0802923189476132
0.540139565244317
0.2803152287378907
-0.949286887422204
1.1487153377383947
-0.7634688355028629
0.0019516944885253906
0.7712877495214343
-1.1478748908266425
0.9576027719303966
-0.2747859340161085
-0.5364927612245083
1.0870057260617614
-1.0802923189476132
0.540139565244317
0.2803152287378907
-0.949286887422204
1.1487153377383947
-0.7634688355028629
0.0019516944885253906
0.7712877495214343
-1.1478748908266425
0.9576027719303966
-0.2747859340161085
-0.5364927612245083
1.0870057260617614
-1.0802923189476132
0.540139565244317
0.2803152287378907
-0.949286887422204
1.1487153377383947
-0.7634688355028629
0.0019516944885253906
0.7712877495214343
-1.1478748908266425
0.9576027719303966
-0.2747859340161085
-0.5364927612245083
1.0870057260617614
-1.0802923189476132
0.540139565244317
0.2803152287378907
-0.949286887422204
1.1487153377383947
-0.7634688355028629
0.0019516944885253906
0.7712877495214343
-1.1478748908266425
0.9576027719303966
-0.2747859340161085
-0.5364927612245083
1.0870057260617614
-1.0802923189476132
0.540139565244317
0.2803152287378907
-0.949286887422204
1.1487153377383947
-0.7634688355028629
0.0019516944885253906
0.7712877495214343
-1.1478748908266425
0.9576027719303966
-0.2747859340161085
-0.5364927612245083
1.0870057260617614
-1.0802923189476132
0.540139565244317
0.2803152287378907
-0.949286887422204
1.1487153377383947
-0.7634688355028629
0.0019516944885253906
0.7712877495214343
-1.1478748908266425
0.9576027719303966
-0.2747859340161085
-0.5364927612245083
1.0870057260617614
-1.0802923189476132
0.540139565244317
0.2803152287378907
-0.949286887422204
1.1487153377383947
-0.7634688355028629
0.0019516944885253906
0.7712877495214343
-1.1478748908266425
0.9576027719303966
-0.2747859340161085
-0.5364927612245083
1.0870057260617614
-1.0802923189476132
0.540139565244317
0.2803152287378907
-0.949286887422204
1.1487153377383947
-0.7634688355028629
0.0019516944885253906
0.7712877495214343
-1.1478748908266425
0.9576027719303966
-0.2747859340161085
-0.5364927612245083
1.0870057260617614
-1.0802923189476132
0.540139565244317
0.2803152287378907
-0.949286887422204
1.1487153377383947
-0.7634688355028629
0.0019516944885253906
0.7712877495214343
-1.1478748908266425
0.9576027719303966
-0.2747859340161085
-0.5364927612245083
1.0870057260617614
-1.0802923189476132
0.540139565244317
0.2803152287378907
-0.949286887422204
1.1487153377383947
-0.7634688355028629
0.0019516944885253906
0.7712877495214343
-1.1478748908266425
0.9576027719303966
-0.2747859340161085
-0.5364927612245083
1.0870057260617614
-1.0802923189476132
0.540139565244317
0.2803152287378907
-0.949286887422204
1.1487153377383947
-0.7634688355028629
0.0019516944885253906
0.7712877495214343
-1.1478748908266425
0.9576027719303966
-0.2747859340161085
-0.5364927612245083
1.0870057260617614
-1.0802923189476132
0.540139565244317
0.2803152287378907
-0.949286887422204
1.1487153377383947
-0.7634688355028629
0.0019516944885253906
0.7712877495214343
-1.1478748908266425
0.9576027719303966
-0.2747859340161085
-0.5364927612245083
1.0870057260617614
-1.0802923189476132
0.540139565244317
0.2803152287378907
-0.949286887422204
1.1487153377383947
-0.7634688355028629
0.0019516944885253906
0.7712877495214343
-1.1478748908266425
0.9576027719303966
-0.2747859340161085
-0.5364927612245083
1.0870057260617614
-1.0802923189476132
0.540139565244317
0.2803152287378907
-0.949286887422204
1.1487153377383947
-0.7634688355028629
0.0019516944885253906
0.7712877495214343
-1.1478748908266425
0.9576027719303966
-0.2747859340161085
-0.5364927612245083
1.0870057260617614
-1.0802923189476132
0.540139565244317
0.2803152287378907
-0.949286887422204
1.1487153377383947
-0.7634688355028629
0.0019516944885253906
0.7712877495214343
-1.1478748908266425
0.9576027719303966
-0.2747859340161085
-0.5364927612245083
1.0870057260617614
-1.0802923189476132
0.540139565244317
0.2803152287378907
-0.949286887422204
1.1487153377383947
-0.7634688355028629
0.0019516944885253906
0.7712877495214343
-1.1478748908266425
0.9576027719303966
-0.2747859340161085
-0.5364927612245083
1.0870057260617614
-1.0802923189476132
0.540139565244317
0.2803152287378907
-0.949286887422204
1.1487153377383947
-0.7634688355028629
0.0019516944885253906
0.7712877495214343
-1.1478748908266425
0.9576027719303966
-0.2747859340161085
-0.5364927612245083
1.0870057260617614
-1.0802923189476132
0.540139565244317
0.2803152287378907
-0.949286887422204
1.1487153377383947
-0.7634688355028629
0.0019516944885253906
0.7712877495214343
-1.1478748908266425
0.9576027719303966
-0.2747859340161085
-0.5364927612245083
1.0870057260617614
-1.0802923189476132
0.540139565244317
0.2803152287378907
-0.949286887422204
1.1487153377383947
-0.7634688355028629
0.0019516944885253906
0.7712877495214343
-1.1478748908266425
0.9576027719303966
-0.2747859340161085
-0.5364927612245083
1.0870057260617614
-1.0802923189476132
0.540139565244317
0.2803152287378907
-0.949286887422204
1.1487153377383947
-0.7634688355028629
0.0019516944885253906
0.7712877495214343
-1.1478748908266425
0.9576027719303966
-0.2747859340161085
-0.5364927612245083
1.0870057260617614
-1.0802923189476132
0.540139565244317
0.2803152287378907
-0.949286887422204
1.1487153377383947
-0.7634688355028629
0.0019516944885253906
0.7712877495214343
-1.1478748908266425
0.9576027719303966
-0.2747859340161085
-0.5364927612245083
1.0870057260617614
-1.0802923189476132
0.540139565244317
0.2803152287378907
-0.949286887422204
1.1487153377383947
-0.7634688355028629
0.0019516944885253906
0.7712877495214343
-1.1478748908266425
0.9576027719303966
-0.2747859340161085
-0.5364927612245083
1.0870057260617614
-1.0802923189476132
0.540139565244317
0.2803152287378907
-0.949286887422204
1.1487153377383947
-0.7634688355028629
0.0019516944885253906
0.7712877495214343
-1.1478748908266425
0.9576027719303966
-0.2747859340161085
-0.5364927612245083
1.0870057260617614
-1.0802923189476132
0.540139565244317
0.2803152287378907
-0.949286887422204
1.1487153377383947
-0.7634688355028629
0.0019516944885253906
0.7712877495214343
-1.1478748908266425
0.9576027719303966
-0.2747859340161085
-0.5364927612245083
1.0870057260617614
-1.0802923189476132
0.540139565244317
0.2803152287378907
-0.949286887422204
1.1487153377383947
-0.7634688355028629
0.0019516944885253906
0.7712877495214343
-1.1478748908266425
0.9576027719303966
-0.2747859340161085
-0.5364927612245083
1.0870057260617614
-1.0802923189476132
0.540139565244317
0.2803152287378907
-0.949286887422204
1.1487153377383947
-0.7634688355028629
0.0019516944885253906
0.7712877495214343
-1.1478748908266425
0.9576027719303966
-0.2747859340161085
-0.5364927612245083
1.0870057260617614
-1.0802923189476132
0.540139565244317
0.2803152287378907
-0.949286887422204
1.1487153377383947
-0.7634688355028629
0.0019516944885253906
0.7712877495214343
-1.1478748908266425
0.9576027719303966
-0.2747859340161085
-0.5364927612245083
1.0870057260617614
-1.0802923189476132
0.540139565244317
0.2803152287378907
-0.949286887422204
1.1487153377383947
-0.7634688355028629
0.0019516944885253906
0.7712877495214343
-1.1478748908266425
0.9576027719303966
-0.2747859340161085
-0.5364927612245083
1.0870057260617614
-1.0802923189476132
0.540139565244317
0.2803152287378907
-0.949286887422204
1.1487153377383947
-0.7634688355028629
0.0019516944885253906
0.7712877495214343
-1.1478748908266425
0.9576027719303966
-0.2747859340161085
-0.5364927612245083
1.0870057260617614
-1.0802923189476132
0.540139565244317
0.2803152287378907
-0.949286887422204
1.1487153377383947
-0.7634688355028629
0.0019516944885253906
0.7712877495214343
-1.1478748908266425
0.9576027719303966
-0.2747859340161085
-0.5364927612245083
1.0870057260617614
-1.0802923189476132
0.540139565244317
0.2803152287378907
-0.949286887422204
1.1487153377383947
-0.7634688355028629
0.0019516944885253906
0.7712877495214343
-1.1478748908266425
0.9576027719303966
-0.2747859340161085
-0.5364927612245083
1.0870057260617614
-1.0802923189476132
0.540139565244317
0.2803152287378907
-0.949286887422204
1.1487153377383947
-0.7634688355028629
0.0019516944885253906
0.7712877495214343
-1.1478748908266425
0.9576027719303966
-0.2747859340161085
-0.5364927612245083
1.0870057260617614
-1.0802923189476132
0.540139565244317
0.2803152287378907
-0.949286887422204
1.1487153377383947
-0.7634688355028629
0.0019516944885253906
0.7712877495214343
-1.1478748908266425
0.9576027719303966
-0.2747859340161085
-0.5364927612245083
1.0870057260617614
-1.0802923189476132
0.540139565244317
0.2803152287378907
-0.949286887422204
1.1487153377383947
-0.7634688355028629
0.0019516944885253906
0.7712877495214343
-1.1478748908266425
0.9576027719303966
-0.2747859340161085
-0.5364927612245083
1.0870057260617614
-1.0802923189476132
0.540139565244317
0.2803152287378907
-0.949286887422204
1.1487153377383947
-0.7634688355028629
0.0019516944885253906
0.7712877495214343
-1.1478748908266425
0.9576027719303966
-0.2747859340161085
-0.5364927612245083
1.0870057260617614
-1.0802923189476132
0.540139565244317
0.2803152287378907
-0.949286887422204
1.1487153377383947
-0.7634688355028629
0.0019516944885253906
0.7712877495214343
-1.1478748908266425
0.9576027719303966
-0.2747859340161085
-0.5364927612245083
1.0870057260617614
-1.0802923189476132
0.540139565244317
0.2803152287378907
-0.949286887422204
1.1487153377383947
-0.7634688355028629
0.0019516944885253906
0.7712877495214343
-1.1478748908266425
0.9576027719303966
-0.2747859340161085
-0.5364927612245083
1.0870057260617614
-1.0802923189476132
0.540139565244317
0.2803152287378907
-0.949286887422204
1.1487153377383947
-0.7634688355028629
0.0019516944885253906
0.7712877495214343
-1.1478748908266425
0.9576027719303966
-0.2747859340161085
-0.5364927612245083
1.0870057260617614
-1.0802923189476132
0.540139565244317
0.2803152287378907
-0.949286887422204
1.1487153377383947
-0.7634688355028629
0.0019516944885253906
0.7712877495214343
-1.1478748908266425
0.9576027719303966
-0.2747859340161085
-0.5364927612245083
1.0870057260617614
-1.0802923189476132
0.540139565244317
0.2803152287378907
-0.949286887422204
1.1487153377383947
-0.7634688355028629
0.0019516944885253906
0.7712877495214343
-1.1478748908266425
0.9576027719303966
-0.2747859340161085
-0.5364927612245083
1.0870057260617614
-1.0802923189476132
0.540139565244317
0.2803152287378907
-0.949286887422204
1.1487153377383947
-0.7634688355028629
0.0019516944885253906
0.7712877495214343
-1.1478748908266425
0.9576027719303966
-0.2747859340161085
-0.5364927612245083
1.0870057260617614
-1.0802923189476132
0.540139565244317
0.2803152287378907
-0.949286887422204
1.1487153377383947
-0.7634688355028629
0.0019516944885253906
0.7712877495214343
-1.1478748908266425
0.9576027719303966
-0.2747859340161085
-0.5364927612245083
1.0870057260617614
-1.0802923189476132
0.540139565244317
0.2803152287378907
-0.949286887422204
1.1487153377383947
-0.7634688355028629
0.0019516944885253906
0.7712877495214343
-1.1478748908266425
0.9576027719303966
-0.2747859340161085
-0.5364927612245083
1.0870057260617614
-1.0802923189476132
0.540139565244317
0.2803152287378907
-0.949286887422204
1.1487153377383947
-0.7634688355028629
0.0019516944885253906
0.7712877495214343
-1.1478748908266425
0.9576027719303966
-0.2747859340161085
-0.5364927612245083
1.0870057260617614
-1.0802923189476132
0.540139565244317
0.2803152287378907
-0.949286887422204
1.1487153377383947
-0.7634688355028629
0.0019516944885253906
0.7712877495214343
-1.1478748908266425
0.9576027719303966
-0.2747859340161085
-0.5364927612245083
1.0870057260617614
-1.0802923189476132
0.540139565244317
0.2803152287378907
-0.949286887422204
1.1487153377383947
-0.7634688355028629
0.0019516944885253906
0.7712877495214343
-1.1478748908266425
0.9576027719303966
-0.2747859340161085
-0.5364927612245083
1.0870057260617614
-1.0802923189476132
0.540139565244317
0.2803152287378907
-0.949286887422204
1.1487153377383947
-0.7634688355028629
0.0019516944885253906
0.7712877495214343
-1.1478748908266425
0.9576027719303966
-0.2747859340161085
-0.5364927612245083
1.0870057260617614
-1.0802923189476132
0.540139565244317
0.2803152287378907
-0.949286887422204
1.1487153377383947
-0.7634688355028629
0.0019516944885253906
0.7712877495214343
-1.1478748908266425
0.9576027719303966
-0.2747859340161085
-0.5364927612245083
1.0870057260617614
-1.0802923189476132
0.540139565244317
0.2803152287378907
-0.949286887422204
1.1487153377383947
-0.7634688355028629
0.0019516944885253906
0.7712877495214343
-1.1478748908266425
0.9576027719303966
-0.2747859340161085
-0.5364927612245083
1.0870057260617614
-1.0802923189476132
0.540139565244317
0.2803152287378907
-0.949286887422204
1.1487153377383947
-0.7634688355028629
0.0019516944885253906
0.7712877495214343
-1.1478748908266425
0.9576027719303966
-0.2747859340161085
-0.5364927612245083
1.0870057260617614
-1.0802923189476132
0.540139565244317
0.2803152287378907
-0.949286887422204
1.1487153377383947
-0.7634688355028629
0.0019516944885253906
0.7712877495214343
-1.1478748908266425
0.9576027719303966
-0.2747859340161085
-0.5364927612245083
1.0870057260617614
-1.0802923189476132
0.540139565244317
0.2803152287378907
-0.949286887422204
1.1487153377383947
-0.7634688355028629
0.0019516944885253906
0.7712877495214343
-1.1478748908266425
0.9576027719303966
-0.2747859340161085
-0.5364927612245083
1.0870057260617614
-1.0802923189476132
0.540139565244317
0.2803152287378907
-0.949286887422204
1.1487153377383947
-0.7634688355028629
0.0019516944885253906
0.7712877495214343
-1.1478748908266425
0.9576027719303966
-0.2747859340161085
-0.5364927612245083
1.0870057260617614
-1.0802923189476132
0.540139565244317
0.2803152287378907
-0.949286887422204
1.1487153377383947
-0.7634688355028629
0.0019516944885253906
0.7712877495214343
-1.1478748908266425
0.9576027719303966
-0.2747859340161085
-0.5364927612245083
1.0870057260617614
-1.0802923189476132
0.540139565244317
0.2803152287378907
-0.949286887422204
1.1487153377383947
-0.7634688355028629
0.0019516944885253906
0.7712877495214343
-1.1478748908266425
0.9576027719303966
-0.2747859340161085
-0.5364927612245083
1.0870057260617614
-1.0802923189476132
0.540139565244317
0.2803152287378907
-0.949286887422204
1.1487153377383947
-0.7634688355028629
0.0019516944885253906
0.7712877495214343
-1.1478748908266425
0.9576027719303966
-0.2747859340161085
-0.5364927612245083
1.0870057260617614
-1.0802923189476132
0.540139565244317
0.2803152287378907
-0.949286887422204
1.1487153377383947
-0.7634688355028629
0.0019516944885253906
0.7712877495214343
-1.1478748908266425
0.9576027719303966
-0.2747859340161085
-0.5364927612245083
1.0870057260617614
-1.0802923189476132
0.540139565244317
0.2803152287378907
-0.949286887422204
1.1487153377383947
-0.7634688355028629
0.0019516944885253906
0.7712877495214343
-1.1478748908266425
0.9576027719303966
-0.2747859340161085
-0.5364927612245083
1.0870057260617614
-1.0802923189476132
0.540139565244317
0.2803152287378907
-0.949286887422204
1.1487153377383947
-0.7634688355028629
0.0019516944885253906
0.7712877495214343
-1.1478748908266425
0.9576027719303966
-0.2747859340161085
-0.5364927612245083
1.0870057260617614
-1.0802923189476132
0.540139565244317
0.2803152287378907
-0.949286887422204
1.1487153377383947
-0.7634688355028629
0.0019516944885253906
0.7712877495214343
-1.1478748908266425
0.9576027719303966
-0.2747859340161085
-0.5364927612245083
1.0870057260617614
-1.0802923189476132
0.540139565244317
0.2803152287378907
-0.949286887422204
1.1487153377383947
-0.7634688355028629
0.0019516944885253906
0.7712877495214343
-1.1478748908266425
0.9576027719303966
-0.2747859340161085
-0.5364927612245083
1.0870057260617614
-1.0802923189476132
0.540139565244317
0.2803152287378907
-0.949286887422204
1.1487153377383947
-0.7634688355028629
0.0019516944885253906
0.7712877495214343
-1.1478748908266425
0.9576027719303966
-0.2747859340161085
-0.5364927612245083
1.0870057260617614
-1.0802923189476132
0.540139565244317
0.2803152287378907
-0.949286887422204
1.1487153377383947
-0.7634688355028629
0.0019516944885253906
0.7712877495214343
-1.1478748908266425
0.9576027719303966
-0.2747859340161085
-0.5364927612245083
1.0870057260617614
-1.0802923189476132
0.540139565244317
0.2803152287378907
-0.949286887422204
1.1487153377383947
-0.7634688355028629
0.0019516944885253906
0.7712877495214343
-1.1478748908266425
0.9576027719303966
-0.2747859340161085
-0.5364927612245083
1.0870057260617614
-1.0802923189476132
0.540139565244317
0.2803152287378907
-0.949286887422204
1.1487153377383947
-0.7634688355028629
0.0019516944885253906
0.7712877495214343
-1.1478748908266425
0.9576027719303966
-0.2747859340161085
-0.5364927612245083
1.0870057260617614
-1.0802923189476132
0.540139565244317
0.2803152287378907
-0.949286887422204
1.1487153377383947
-0.7634688355028629
0.0019516944885253906
0.7712877495214343
-1.1478748908266425
0.9576027719303966
-0.2747859340161085
-0.5364927612245083
1.0870057260617614
-1.0802923189476132
0.540139565244317
0.2803152287378907
-0.949286887422204
1.1487153377383947
-0.7634688355028629
0.0019516944885253906
0.7712877495214343
-1.1478748908266425
0.9576027719303966
-0.2747859340161085
-0.5364927612245083
1.0870057260617614
-1.0802923189476132
0.540139565244317
0.2803152287378907
-0.949286887422204
1.1487153377383947
-0.7634688355028629
0.0019516944885253906
0.7712877495214343
-1.1478748908266425
0.9576027719303966
-0.2747859340161085
-0.5364927612245083
1.0870057260617614
-1.0802923189476132
0.540139565244317
0.2803152287378907
-0.949286887422204
1.1487153377383947
-0.7634688355028629
0.0019516944885253906
0.7712877495214343
-1.1478748908266425
0.9576027719303966
-0.2747859340161085
-0.5364927612245083
1.0870057260617614
-1.0802923189476132
0.540139565244317
0.2803152287378907
-0.949286887422204
1.1487153377383947
-0.7634688355028629
0.0019516944885253906
0.7712877495214343
-1.1478748908266425
0.9576027719303966
-0.2747859340161085
-0.5364927612245083
1.0870057260617614
-1.0802923189476132
0.540139565244317
0.2803152287378907
-0.949286887422204
1.1487153377383947
