00000000000110011
00000000111010011
11111110111001110
00000000111101100
11111111100111110
00000001000001010
11111110010000110
00000000101011001
00000101100100110
11110000110000011
00010110010010110
11101111000011110
11111011111110111
00100001001011111
11001011011111101
00101110100111001
11110011101011101
11011101111000001
01000011111101111
10111011100101011
00100001111101011
00010010110000101
11000010000010101
01001010001110101
11001111001000110
00000000000111111
00110001010111001
10110110100010010
00111101010010010
11101110011010011
11011101101010100
01000101100100011
10111010110111000
00100010100100011
00010001111100001
11000011001111101
01001001100001001
11001111001000110
00000000000111111
00110001010111001
10110110100010010
00111101010010010
11101110011010011
11011101101010100
01000101100100011
10111010110111000
00100010100100011
00010001111100001
11000011001111101
01001001100001001
11001111001000110
00000000000111111
00110001010111001
10110110100010010
00111101010010010
11101110011010011
11011101101010100
01000101100100011
10111010110111000
00100010100100011
00010001111100001
11000011001111101
01001001100001001
11001111001000110
00000000000111111
00110001010111001
10110110100010010
00111101010010010
11101110011010011
11011101101010100
01000101100100011
10111010110111000
00100010100100011
00010001111100001
11000011001111101
01001001100001001
11001111001000110
00000000000111111
00110001010111001
10110110100010010
00111101010010010
11101110011010011
11011101101010100
01000101100100011
10111010110111000
00100010100100011
00010001111100001
11000011001111101
01001001100001001
11001111001000110
00000000000111111
00110001010111001
10110110100010010
00111101010010010
11101110011010011
11011101101010100
01000101100100011
10111010110111000
00100010100100011
00010001111100001
11000011001111101
01001001100001001
11001111001000110
00000000000111111
00110001010111001
10110110100010010
00111101010010010
11101110011010011
11011101101010100
01000101100100011
10111010110111000
00100010100100011
00010001111100001
11000011001111101
01001001100001001
11001111001000110
00000000000111111
00110001010111001
10110110100010010
00111101010010010
11101110011010011
11011101101010100
01000101100100011
10111010110111000
00100010100100011
00010001111100001
11000011001111101
01001001100001001
11001111001000110
00000000000111111
00110001010111001
10110110100010010
00111101010010010
11101110011010011
11011101101010100
01000101100100011
10111010110111000
00100010100100011
00010001111100001
11000011001111101
01001001100001001
11001111001000110
00000000000111111
00110001010111001
10110110100010010
00111101010010010
11101110011010011
11011101101010100
01000101100100011
10111010110111000
00100010100100011
00010001111100001
11000011001111101
01001001100001001
11001111001000110
00000000000111111
00110001010111001
10110110100010010
00111101010010010
11101110011010011
11011101101010100
01000101100100011
10111010110111000
00100010100100011
00010001111100001
11000011001111101
01001001100001001
11001111001000110
00000000000111111
00110001010111001
10110110100010010
00111101010010010
11101110011010011
11011101101010100
01000101100100011
10111010110111000
00100010100100011
00010001111100001
11000011001111101
01001001100001001
11001111001000110
00000000000111111
00110001010111001
10110110100010010
00111101010010010
11101110011010011
11011101101010100
01000101100100011
10111010110111000
00100010100100011
00010001111100001
11000011001111101
01001001100001001
11001111001000110
00000000000111111
00110001010111001
10110110100010010
00111101010010010
11101110011010011
11011101101010100
01000101100100011
10111010110111000
00100010100100011
00010001111100001
11000011001111101
01001001100001001
11001111001000110
00000000000111111
00110001010111001
10110110100010010
00111101010010010
11101110011010011
11011101101010100
01000101100100011
10111010110111000
00100010100100011
00010001111100001
11000011001111101
01001001100001001
11001111001000110
00000000000111111
00110001010111001
10110110100010010
00111101010010010
11101110011010011
11011101101010100
01000101100100011
10111010110111000
00100010100100011
00010001111100001
11000011001111101
01001001100001001
11001111001000110
00000000000111111
00110001010111001
10110110100010010
00111101010010010
11101110011010011
11011101101010100
01000101100100011
10111010110111000
00100010100100011
00010001111100001
11000011001111101
01001001100001001
11001111001000110
00000000000111111
00110001010111001
10110110100010010
00111101010010010
11101110011010011
11011101101010100
01000101100100011
10111010110111000
00100010100100011
00010001111100001
11000011001111101
01001001100001001
11001111001000110
00000000000111111
00110001010111001
10110110100010010
00111101010010010
11101110011010011
11011101101010100
01000101100100011
10111010110111000
00100010100100011
00010001111100001
11000011001111101
01001001100001001
11001111001000110
00000000000111111
00110001010111001
10110110100010010
00111101010010010
11101110011010011
11011101101010100
01000101100100011
10111010110111000
00100010100100011
00010001111100001
11000011001111101
01001001100001001
11001111001000110
00000000000111111
00110001010111001
10110110100010010
00111101010010010
11101110011010011
11011101101010100
01000101100100011
10111010110111000
00100010100100011
00010001111100001
11000011001111101
01001001100001001
11001111001000110
00000000000111111
00110001010111001
10110110100010010
00111101010010010
11101110011010011
11011101101010100
01000101100100011
10111010110111000
00100010100100011
00010001111100001
11000011001111101
01001001100001001
11001111001000110
00000000000111111
00110001010111001
10110110100010010
00111101010010010
11101110011010011
11011101101010100
01000101100100011
10111010110111000
00100010100100011
00010001111100001
11000011001111101
01001001100001001
11001111001000110
00000000000111111
00110001010111001
10110110100010010
00111101010010010
11101110011010011
11011101101010100
01000101100100011
10111010110111000
00100010100100011
00010001111100001
11000011001111101
01001001100001001
11001111001000110
00000000000111111
00110001010111001
10110110100010010
00111101010010010
11101110011010011
11011101101010100
01000101100100011
10111010110111000
00100010100100011
00010001111100001
11000011001111101
01001001100001001
11001111001000110
00000000000111111
00110001010111001
10110110100010010
00111101010010010
11101110011010011
11011101101010100
01000101100100011
10111010110111000
00100010100100011
00010001111100001
11000011001111101
01001001100001001
11001111001000110
00000000000111111
00110001010111001
10110110100010010
00111101010010010
11101110011010011
11011101101010100
01000101100100011
10111010110111000
00100010100100011
00010001111100001
11000011001111101
01001001100001001
11001111001000110
00000000000111111
00110001010111001
10110110100010010
00111101010010010
11101110011010011
11011101101010100
01000101100100011
10111010110111000
00100010100100011
00010001111100001
11000011001111101
01001001100001001
11001111001000110
00000000000111111
00110001010111001
10110110100010010
00111101010010010
11101110011010011
11011101101010100
01000101100100011
10111010110111000
00100010100100011
00010001111100001
11000011001111101
01001001100001001
11001111001000110
00000000000111111
00110001010111001
10110110100010010
00111101010010010
11101110011010011
11011101101010100
01000101100100011
10111010110111000
00100010100100011
00010001111100001
11000011001111101
01001001100001001
11001111001000110
00000000000111111
00110001010111001
10110110100010010
00111101010010010
11101110011010011
11011101101010100
01000101100100011
10111010110111000
00100010100100011
00010001111100001
11000011001111101
01001001100001001
11001111001000110
00000000000111111
00110001010111001
10110110100010010
00111101010010010
11101110011010011
11011101101010100
01000101100100011
10111010110111000
00100010100100011
00010001111100001
11000011001111101
01001001100001001
11001111001000110
00000000000111111
00110001010111001
10110110100010010
00111101010010010
11101110011010011
11011101101010100
01000101100100011
10111010110111000
00100010100100011
00010001111100001
11000011001111101
01001001100001001
11001111001000110
00000000000111111
00110001010111001
10110110100010010
00111101010010010
11101110011010011
11011101101010100
01000101100100011
10111010110111000
00100010100100011
00010001111100001
11000011001111101
01001001100001001
11001111001000110
00000000000111111
00110001010111001
10110110100010010
00111101010010010
11101110011010011
11011101101010100
01000101100100011
10111010110111000
00100010100100011
00010001111100001
11000011001111101
01001001100001001
11001111001000110
00000000000111111
00110001010111001
10110110100010010
00111101010010010
11101110011010011
11011101101010100
01000101100100011
10111010110111000
00100010100100011
00010001111100001
11000011001111101
01001001100001001
11001111001000110
00000000000111111
00110001010111001
10110110100010010
00111101010010010
11101110011010011
11011101101010100
01000101100100011
10111010110111000
00100010100100011
00010001111100001
11000011001111101
01001001100001001
11001111001000110
00000000000111111
00110001010111001
10110110100010010
00111101010010010
11101110011010011
11011101101010100
01000101100100011
10111010110111000
00100010100100011
00010001111100001
11000011001111101
01001001100001001
11001111001000110
00000000000111111
00110001010111001
10110110100010010
00111101010010010
11101110011010011
11011101101010100
01000101100100011
10111010110111000
00100010100100011
00010001111100001
11000011001111101
01001001100001001
11001111001000110
00000000000111111
00110001010111001
10110110100010010
00111101010010010
11101110011010011
11011101101010100
01000101100100011
10111010110111000
00100010100100011
00010001111100001
11000011001111101
01001001100001001
11001111001000110
00000000000111111
00110001010111001
10110110100010010
00111101010010010
11101110011010011
11011101101010100
01000101100100011
10111010110111000
00100010100100011
00010001111100001
11000011001111101
01001001100001001
11001111001000110
00000000000111111
00110001010111001
10110110100010010
00111101010010010
11101110011010011
11011101101010100
01000101100100011
10111010110111000
00100010100100011
00010001111100001
11000011001111101
01001001100001001
11001111001000110
00000000000111111
00110001010111001
10110110100010010
00111101010010010
11101110011010011
11011101101010100
01000101100100011
10111010110111000
00100010100100011
00010001111100001
11000011001111101
01001001100001001
11001111001000110
00000000000111111
00110001010111001
10110110100010010
00111101010010010
11101110011010011
11011101101010100
01000101100100011
10111010110111000
00100010100100011
00010001111100001
11000011001111101
01001001100001001
11001111001000110
00000000000111111
00110001010111001
10110110100010010
00111101010010010
11101110011010011
11011101101010100
01000101100100011
10111010110111000
00100010100100011
00010001111100001
11000011001111101
01001001100001001
11001111001000110
00000000000111111
00110001010111001
10110110100010010
00111101010010010
11101110011010011
11011101101010100
01000101100100011
10111010110111000
00100010100100011
00010001111100001
11000011001111101
01001001100001001
11001111001000110
00000000000111111
00110001010111001
10110110100010010
00111101010010010
11101110011010011
11011101101010100
01000101100100011
10111010110111000
00100010100100011
00010001111100001
11000011001111101
01001001100001001
11001111001000110
00000000000111111
00110001010111001
10110110100010010
00111101010010010
11101110011010011
11011101101010100
01000101100100011
10111010110111000
00100010100100011
00010001111100001
11000011001111101
01001001100001001
11001111001000110
00000000000111111
00110001010111001
10110110100010010
00111101010010010
11101110011010011
11011101101010100
01000101100100011
10111010110111000
00100010100100011
00010001111100001
11000011001111101
01001001100001001
11001111001000110
00000000000111111
00110001010111001
10110110100010010
00111101010010010
11101110011010011
11011101101010100
01000101100100011
10111010110111000
00100010100100011
00010001111100001
11000011001111101
01001001100001001
11001111001000110
00000000000111111
00110001010111001
10110110100010010
00111101010010010
11101110011010011
11011101101010100
01000101100100011
10111010110111000
00100010100100011
00010001111100001
11000011001111101
01001001100001001
11001111001000110
00000000000111111
00110001010111001
10110110100010010
00111101010010010
11101110011010011
11011101101010100
01000101100100011
10111010110111000
00100010100100011
00010001111100001
11000011001111101
01001001100001001
11001111001000110
00000000000111111
00110001010111001
10110110100010010
00111101010010010
11101110011010011
11011101101010100
01000101100100011
10111010110111000
00100010100100011
00010001111100001
11000011001111101
01001001100001001
11001111001000110
00000000000111111
00110001010111001
10110110100010010
00111101010010010
11101110011010011
11011101101010100
01000101100100011
10111010110111000
00100010100100011
00010001111100001
11000011001111101
01001001100001001
11001111001000110
00000000000111111
00110001010111001
10110110100010010
00111101010010010
11101110011010011
11011101101010100
01000101100100011
10111010110111000
00100010100100011
00010001111100001
11000011001111101
01001001100001001
11001111001000110
00000000000111111
00110001010111001
10110110100010010
00111101010010010
11101110011010011
11011101101010100
01000101100100011
10111010110111000
00100010100100011
00010001111100001
11000011001111101
01001001100001001
11001111001000110
00000000000111111
00110001010111001
10110110100010010
00111101010010010
11101110011010011
11011101101010100
01000101100100011
10111010110111000
00100010100100011
00010001111100001
11000011001111101
01001001100001001
11001111001000110
00000000000111111
00110001010111001
10110110100010010
00111101010010010
11101110011010011
11011101101010100
01000101100100011
10111010110111000
00100010100100011
00010001111100001
11000011001111101
01001001100001001
11001111001000110
00000000000111111
00110001010111001
10110110100010010
00111101010010010
11101110011010011
11011101101010100
01000101100100011
10111010110111000
00100010100100011
00010001111100001
11000011001111101
01001001100001001
11001111001000110
00000000000111111
00110001010111001
10110110100010010
00111101010010010
11101110011010011
11011101101010100
01000101100100011
10111010110111000
00100010100100011
00010001111100001
11000011001111101
01001001100001001
11001111001000110
00000000000111111
00110001010111001
10110110100010010
00111101010010010
11101110011010011
11011101101010100
01000101100100011
10111010110111000
00100010100100011
00010001111100001
11000011001111101
01001001100001001
11001111001000110
00000000000111111
00110001010111001
10110110100010010
00111101010010010
11101110011010011
11011101101010100
01000101100100011
10111010110111000
00100010100100011
00010001111100001
11000011001111101
01001001100001001
11001111001000110
00000000000111111
00110001010111001
10110110100010010
00111101010010010
11101110011010011
11011101101010100
01000101100100011
10111010110111000
00100010100100011
00010001111100001
11000011001111101
01001001100001001
11001111001000110
00000000000111111
00110001010111001
10110110100010010
00111101010010010
11101110011010011
11011101101010100
01000101100100011
10111010110111000
00100010100100011
00010001111100001
11000011001111101
01001001100001001
11001111001000110
00000000000111111
00110001010111001
10110110100010010
00111101010010010
11101110011010011
11011101101010100
01000101100100011
10111010110111000
00100010100100011
00010001111100001
11000011001111101
01001001100001001
11001111001000110
00000000000111111
00110001010111001
10110110100010010
00111101010010010
11101110011010011
11011101101010100
01000101100100011
10111010110111000
00100010100100011
00010001111100001
11000011001111101
01001001100001001
11001111001000110
00000000000111111
00110001010111001
10110110100010010
00111101010010010
11101110011010011
11011101101010100
01000101100100011
10111010110111000
00100010100100011
00010001111100001
11000011001111101
01001001100001001
11001111001000110
00000000000111111
00110001010111001
10110110100010010
00111101010010010
11101110011010011
11011101101010100
01000101100100011
10111010110111000
00100010100100011
00010001111100001
11000011001111101
01001001100001001
11001111001000110
00000000000111111
00110001010111001
10110110100010010
00111101010010010
11101110011010011
11011101101010100
01000101100100011
10111010110111000
00100010100100011
00010001111100001
11000011001111101
01001001100001001
11001111001000110
00000000000111111
00110001010111001
10110110100010010
00111101010010010
11101110011010011
11011101101010100
01000101100100011
10111010110111000
00100010100100011
00010001111100001
11000011001111101
01001001100001001
11001111001000110
00000000000111111
00110001010111001
10110110100010010
00111101010010010
11101110011010011
11011101101010100
01000101100100011
10111010110111000
00100010100100011
00010001111100001
11000011001111101
01001001100001001
11001111001000110
00000000000111111
00110001010111001
10110110100010010
00111101010010010
11101110011010011
11011101101010100
01000101100100011
10111010110111000
00100010100100011
00010001111100001
11000011001111101
01001001100001001
11001111001000110
00000000000111111
00110001010111001
10110110100010010
00111101010010010
11101110011010011
11011101101010100
01000101100100011
10111010110111000
00100010100100011
00010001111100001
11000011001111101
01001001100001001
11001111001000110
00000000000111111
00110001010111001
10110110100010010
00111101010010010
11101110011010011
11011101101010100
01000101100100011
10111010110111000
00100010100100011
00010001111100001
11000011001111101
01001001100001001
11001111001000110
00000000000111111
00110001010111001
10110110100010010
00111101010010010
11101110011010011
11011101101010100
01000101100100011
10111010110111000
00100010100100011
00010001111100001
11000011001111101
01001001100001001
